2.460700332551416475e+06 2.098867879836307238e-01 3.024284297410884028e-04
2.460700333187827375e+06 2.090179797361003122e-01 3.011855189250602408e-04
2.460700333822362125e+06 2.098509481842218416e-01 3.021554915619324038e-04
2.460700334457159508e+06 2.098114985186801951e-01 3.012471910095479519e-04
2.460700335092006251e+06 2.107468409923651531e-01 2.999190614073207967e-04
2.460700335736087989e+06 2.099669373828913499e-01 3.006157537221013955e-04
2.460700337007723283e+06 2.092567286805864235e-01 2.978896693307826597e-04
2.460700337642109487e+06 2.099470801487386407e-01 2.987478790254564595e-04
2.460700338274800684e+06 2.102613294596447080e-01 2.994899506515324886e-04
2.460700338901152834e+06 2.104460417811050699e-01 3.002563401404751862e-04
2.460700339536458254e+06 2.099152807505453022e-01 2.984009071195437490e-04
2.460700340163270012e+06 2.100568258595218452e-01 2.970652584757751285e-04
2.460700340792198665e+06 2.096324472454307586e-01 2.974306979553681461e-04
2.460700341418761294e+06 2.096057811887909184e-01 2.975401521189266138e-04
2.460700342047167011e+06 2.101291010815364846e-01 2.961483458545766242e-04
2.460700342678335495e+06 2.096031850971915578e-01 2.955600160418658025e-04
2.460700343319992069e+06 2.093888672340773749e-01 2.945005619265528177e-04
2.460700343955570832e+06 2.105632233586114954e-01 2.953406992830507911e-04
2.460700344581570942e+06 2.102531956816781622e-01 2.966690589343300741e-04
2.460700345210564788e+06 2.104670894133949532e-01 2.964729831816399872e-04
2.460700345840395894e+06 2.097723389971536401e-01 2.961903542137517492e-04
2.460700346469827928e+06 2.102005561802955114e-01 2.965047625818787260e-04
2.460700347103251144e+06 2.094144702421394388e-01 2.958200532053585456e-04
2.460700347731186077e+06 2.095444050606111441e-01 2.964558019875684707e-04
2.460700348363958299e+06 2.098667625405708226e-01 2.984797725402759858e-04
2.460700348995763343e+06 2.101065644818994882e-01 2.990882778196555527e-04
2.460700349623286631e+06 2.097162900136929631e-01 2.996039342605637257e-04
2.460700350253421813e+06 2.097254129136584822e-01 2.973370184627839303e-04
2.460700350883869920e+06 2.108684505348911720e-01 2.976121299981989961e-04
2.460700351510835811e+06 2.099467203466755250e-01 2.971168524560248154e-04
2.460700352147023194e+06 2.099852570371855132e-01 2.968316183355878147e-04
2.460700352778945118e+06 2.093881349986091711e-01 2.968354320433447984e-04
2.460700354249502067e+06 2.100842019111186509e-01 2.989496938377461687e-04
2.460700354879538994e+06 2.097639944366174181e-01 2.960717756840630611e-04
2.460700355507428292e+06 2.081665070312827825e-01 2.977281709954375695e-04
2.460700356763605494e+06 2.098069492804758018e-01 2.947931265000030806e-04
2.460700357400405686e+06 2.096346786309866705e-01 2.951329978034068812e-04
2.460700358035548124e+06 2.097233318224089871e-01 2.985079842940901291e-04
2.460700358676593285e+06 2.099325889529834732e-01 3.017997538194436627e-04
2.460700359315152280e+06 2.098746288163932661e-01 2.973014664140392047e-04
2.460700359947205987e+06 2.089411925220927557e-01 2.935026044696330489e-04
2.460700360585898627e+06 2.091655824359163751e-01 2.959869465849043540e-04
2.460700361225060187e+06 2.095542538950875000e-01 2.966015351755891356e-04
2.460700361860020086e+06 2.089652277012041259e-01 2.955821667285642401e-04
2.460700362487590406e+06 2.100135218383956393e-01 2.965144614984601616e-04
2.460700363115415443e+06 2.094345824002114553e-01 2.960295048089987553e-04
2.460700363747371826e+06 2.094170268336151275e-01 2.948947434500169074e-04
2.460700364377104212e+06 2.094218037316064596e-01 2.958370388652681749e-04
2.460700365004904103e+06 2.086102301640315737e-01 2.948214607822884255e-04
2.460700365634895861e+06 2.097173946355591345e-01 2.959472486842893791e-04
2.460700366272618528e+06 2.093682343516371780e-01 2.967640675278432143e-04
2.460700366904540453e+06 2.093516080452929307e-01 2.951044826148003087e-04
2.460700367537333630e+06 2.096803332893908689e-01 2.941232199063993809e-04
2.460700368164096028e+06 2.095638485308974341e-01 2.929854545044508949e-04
2.460700368797651026e+06 2.098802632420460890e-01 2.933757626882037327e-04
2.460700369423390366e+06 2.094388720028839690e-01 2.935868500550639138e-04
2.460700370050897356e+06 2.094587284805003724e-01 2.933930793833676377e-04
2.460700370676162187e+06 2.093760838624472431e-01 2.948843136676918410e-04
2.460700371309289243e+06 2.098580581739395157e-01 2.937348367693510512e-04
2.460700371943143662e+06 2.098682930565445859e-01 2.938480287641549943e-04
2.460700372569431085e+06 2.096649272677073850e-01 2.932428634734818794e-04
2.460700373199800961e+06 2.097742910595410404e-01 2.938600568706413972e-04
2.460700373841693625e+06 2.096488619576627188e-01 2.934285125495812111e-04
2.460700374471394811e+06 2.099354095572409928e-01 2.939022605701519550e-04
2.460700375103244558e+06 2.091298195893625811e-01 2.925886425659351780e-04
2.460700375729834195e+06 2.095137613098169704e-01 2.934706150888001454e-04
2.460700376371920109e+06 2.101125725929338939e-01 2.945412902613208359e-04
2.460700377003501169e+06 2.097014610072636120e-01 2.948232914174350435e-04
2.460700377631980460e+06 2.100396758633831518e-01 2.952871167577319350e-04
2.460700378273430280e+06 2.100256566604397079e-01 2.937735374904839724e-04
2.460700378904544283e+06 2.098972259618315517e-01 2.933690064397315362e-04
2.460700379537477158e+06 2.097003412689934787e-01 2.954545749958214715e-04
2.460700380177577026e+06 2.094984284778070860e-01 2.951044656052709985e-04
2.460700380809726194e+06 2.091290973049707846e-01 2.937849615481296977e-04
2.460700381442372687e+06 2.091013426001236408e-01 2.931539545576735089e-04
2.460700382083800156e+06 2.105936897868602720e-01 2.952276142395824938e-04
2.460700382711130660e+06 2.092107134416517633e-01 2.932334071779825772e-04
2.460700383336911444e+06 2.091317761541605091e-01 2.929551977611591904e-04
2.460700383967635687e+06 2.094872358416499936e-01 2.943618033332708723e-04
2.460700384599925950e+06 2.093657369036596161e-01 2.931122153824506932e-04
2.460700385226509999e+06 2.102780381853069924e-01 2.949284694004998260e-04
2.460700385856113397e+06 2.095961634232535176e-01 2.930283837980190010e-04
2.460700386500089429e+06 2.098447675743610463e-01 2.928602010741542189e-04
2.460700387140017003e+06 2.094759345776864845e-01 2.929386670488577931e-04
2.460700387770754285e+06 2.098826000853229734e-01 2.920201334374599063e-04
2.460700388406934217e+06 2.100384607416851956e-01 2.964926829868604063e-04
2.460700389044447336e+06 2.099728671038731398e-01 2.933171896723699027e-04
2.460700389677582309e+06 2.088444587630529370e-01 2.927429745462048808e-04
2.460700390315792989e+06 2.102435943078946878e-01 2.941094998544041507e-04
2.460700390949888621e+06 2.098458658901286300e-01 2.929176453884823630e-04
2.460700391593882814e+06 2.093785631191138474e-01 2.931692048185895226e-04
2.460700392226672731e+06 2.095204241231226894e-01 2.922733680198787436e-04
2.460700392861354165e+06 2.106884239125923486e-01 2.934734245177374645e-04
2.460700393487283960e+06 2.097588919760521586e-01 2.923232429764176178e-04
2.460700394118882250e+06 2.102273354506091207e-01 2.937632820052990491e-04
2.460700394745597150e+06 2.103548743006616317e-01 2.931943016692776507e-04
2.460700395371783059e+06 2.089925080455457551e-01 2.926649499913686536e-04
2.460700396002766676e+06 2.094806470126207576e-01 2.916545923806511203e-04
2.460700396643180400e+06 2.100344958258284767e-01 2.933208199228869812e-04
2.460700397904957645e+06 2.095069497297662453e-01 2.914746779393907771e-04
2.460700398544695228e+06 2.108970880559040417e-01 2.929768669323683087e-04
2.460700399177309126e+06 2.097095100833236414e-01 2.923842086492958910e-04
2.460700399803751614e+06 2.101224117018157533e-01 2.923046542508566281e-04
2.460700400430185255e+06 2.093044997223324488e-01 2.915659026772988798e-04
2.460700401063233614e+06 2.103720881605353199e-01 2.932916176384395193e-04
2.460700401691673324e+06 2.098683184090329445e-01 2.919348124669272730e-04
2.460700402319025714e+06 2.102268782753708432e-01 2.930495049817767508e-04
2.460700402949959040e+06 2.099335919620030355e-01 2.934652885238550049e-04
2.460700403582520783e+06 2.100510793133310572e-01 2.938362314920158879e-04
2.460700404208568390e+06 2.097556657851920303e-01 2.924660307291871678e-04
2.460700404840698000e+06 2.096570707982595150e-01 2.917367241835670225e-04
2.460700405467425939e+06 2.097508730359452511e-01 2.924271143473104262e-04
2.460700406101798639e+06 2.099488779254318482e-01 2.915250656012014982e-04
2.460700407357833814e+06 2.099747629462985765e-01 2.918830153033778112e-04
2.460700407988773659e+06 2.110943982911808459e-01 2.929125320613956912e-04
2.460700408621196635e+06 2.091826650144144872e-01 2.913246510895942175e-04
2.460700409250926226e+06 2.105431228301115065e-01 2.918184440537180619e-04
2.460700409876605496e+06 2.102354213571268338e-01 2.919198571574596699e-04
2.460700410502731800e+06 2.100140549885923524e-01 2.910807840249788757e-04
2.460700411136517301e+06 2.097994953270355956e-01 2.914432885889239790e-04
2.460700411764064804e+06 2.095238242685326102e-01 2.903644171326423247e-04
2.460700412394809071e+06 2.094718839827735546e-01 2.906477047818251829e-04
2.460700413024749141e+06 2.101309674698883245e-01 2.902008829452746804e-04
2.460700413655989803e+06 2.104571273249859209e-01 2.914851069032644171e-04
2.460700414284602739e+06 2.099287395887775576e-01 2.910452759162179088e-04
2.460700414922192693e+06 2.102044487897890279e-01 2.914539719704186500e-04
2.460700415550938807e+06 2.109066117185584011e-01 2.929724269914946383e-04
2.460700416809944436e+06 2.101922912316901981e-01 2.914952909901645409e-04
2.460700417439900339e+06 2.092684256287986877e-01 2.908089730006340411e-04
2.460700418073314708e+06 2.096172421095871541e-01 2.913782121646150470e-04
2.460700418698614463e+06 2.099001602139789480e-01 2.919389946869126390e-04
2.460700419323935173e+06 2.096857117280240546e-01 2.903538448332303136e-04
2.460700419956603553e+06 2.098648681313174391e-01 2.913425298957258666e-04
2.460700420581760816e+06 2.100537613503228873e-01 2.917515663783114711e-04
2.460700421218970791e+06 2.094700245553697271e-01 2.904640939593640414e-04
2.460700421846352052e+06 2.091830517260020450e-01 2.916949015232132348e-04
2.460700422477857675e+06 2.094736612750110472e-01 2.913322625336252597e-04
2.460700423102993984e+06 2.085684203503725132e-01 2.900047269664882111e-04
2.460700423728579655e+06 2.088698735475463253e-01 2.907436877349974685e-04
2.460700424356902950e+06 2.084574211968559243e-01 2.905664053820720635e-04
2.460700424990431406e+06 2.089672199838143174e-01 2.912698116755034266e-04
2.460700425630288664e+06 2.086419521906315577e-01 2.898046414825351737e-04
2.460700426260002889e+06 2.082332113503732318e-01 2.903576450265914232e-04
2.460700426888775080e+06 2.081607471564644873e-01 2.899433325154933015e-04
2.460700427525351755e+06 2.082991918737588377e-01 2.900244599394164141e-04
2.460700428160581272e+06 2.080428132463547630e-01 2.900794310882313541e-04
2.460700428796634544e+06 2.078330489981989604e-01 2.896912743301383736e-04
2.460700429429701064e+06 2.078749205914031395e-01 2.892267243350000864e-04
2.460700430067347828e+06 2.078513375488431625e-01 2.901842201515185686e-04
2.460700430692898575e+06 2.083111950782645383e-01 2.897236623803107342e-04
2.460700431324826553e+06 2.078560639126173226e-01 2.897143674117745593e-04
2.460700431959754787e+06 2.079149180765424709e-01 2.890569945175459985e-04
2.460700432586911134e+06 2.081735582510411686e-01 2.893712669533297943e-04
2.460700433216922451e+06 2.075080694315886432e-01 2.889755580456776106e-04
2.460700433850015514e+06 2.076952620827150764e-01 2.889901248118149999e-04
2.460700434483956546e+06 2.080775899009528196e-01 2.887257826366486152e-04
2.460700435115368571e+06 2.077364937335294259e-01 2.891183613164262063e-04
2.460700435764839873e+06 2.068448830770965585e-01 2.873061624780755123e-04
2.460700436401749961e+06 2.073632350345766817e-01 2.880076415002166715e-04
2.460700437038482632e+06 2.075508383469431839e-01 2.883350356321846722e-04
2.460700437670558691e+06 2.066523379636047431e-01 2.873168476909539692e-04
2.460700438302502502e+06 2.074172216242974875e-01 2.890258662268128725e-04
2.460700438934997190e+06 2.068293876160792744e-01 2.879954651683231683e-04
2.460700439561414532e+06 2.067740677875277155e-01 2.880398091391293673e-04
2.460700440192102920e+06 2.073929873089026821e-01 2.884881023317975427e-04
2.460700440830975305e+06 2.072168952911514206e-01 2.889502391902866126e-04
2.460700441457159352e+06 2.072226243796617962e-01 2.900641954509111859e-04
2.460700442086299416e+06 2.071894469721131116e-01 2.871442126758744435e-04
2.460700442713619675e+06 2.072654023331283457e-01 2.879854561678384627e-04
2.460700443346783053e+06 2.076668796439540277e-01 2.888362100580631718e-04
2.460700443980541546e+06 2.072820972380075011e-01 2.880768831255601050e-04
2.460700444610549137e+06 2.069331284335095000e-01 2.877685890715184929e-04
2.460700445251265075e+06 2.072628659073824098e-01 2.888146766997306235e-04
2.460700445876536891e+06 2.072933836061406909e-01 2.885916330071407795e-04
2.460700446506706998e+06 2.073498833244180606e-01 2.885997978185414893e-04
2.460700447133724112e+06 2.074121457970364568e-01 2.882710587890272946e-04
2.460700447767060250e+06 2.066221408373556945e-01 2.871697478452398780e-04
2.460700448393247556e+06 2.066103546984848216e-01 2.869860646533400612e-04
2.460700449020058848e+06 2.071362405270448515e-01 2.874743971676659623e-04
2.460700449657747056e+06 2.064405860164594542e-01 2.878450093020947453e-04
2.460700450293361209e+06 2.070009727324912396e-01 2.870077710954194346e-04
2.460700450918668881e+06 2.071178876276555669e-01 2.870627220003978196e-04
2.460700451546466444e+06 2.063523364207050237e-01 2.868951092484980079e-04
2.460700452175518963e+06 2.067518484868536843e-01 2.866772747111479198e-04
2.460700452807243913e+06 2.069002614899720371e-01 2.868578450374361928e-04
2.460700453438588418e+06 2.068891435480971208e-01 2.889982479471438280e-04
2.460700454069171567e+06 2.067328907420158401e-01 2.880874859165908405e-04
2.460700454700133763e+06 2.070966628244357843e-01 2.871174191622450972e-04
2.460700455335878301e+06 2.069861854710113303e-01 2.870731491646313243e-04
2.460700455970663577e+06 2.072272801167980016e-01 2.889438005571456957e-04
2.460700456605909392e+06 2.065492476574188885e-01 2.856340187239800993e-04
2.460700457231933251e+06 2.070356228978446345e-01 2.863119536543904048e-04
2.460700457859165501e+06 2.070557923860863458e-01 2.862721944452803111e-04
2.460700458490675315e+06 2.067416270132378109e-01 2.870862021210859633e-04
2.460700459116789047e+06 2.073080271788216022e-01 2.882014383899661209e-04
2.460700459759530146e+06 2.075811069672394704e-01 2.890802531364100982e-04
2.460700460386838764e+06 2.073943661535732619e-01 2.881302128771126331e-04
2.460700461016958114e+06 2.067152576353738780e-01 2.862803260135219816e-04
2.460700461648722179e+06 2.073331323254684611e-01 2.874513715893494423e-04
2.460700462273496669e+06 2.067865598537938499e-01 2.870354234700867881e-04
2.460700462903686799e+06 2.066509683192930269e-01 2.860278018324151393e-04
2.460700463537752163e+06 2.069638827703923212e-01 2.865297036404053756e-04
2.460700464166210033e+06 2.070030706920987784e-01 2.867305717149679165e-04
2.460700464792765211e+06 2.069082147605497413e-01 2.866794071643820416e-04
2.460700465421757195e+06 2.071417278105796567e-01 2.881382455708164604e-04
2.460700466053539421e+06 2.077526762768670265e-01 2.882645320241361618e-04
2.460700466685691383e+06 2.075607027258601356e-01 2.881722796461357343e-04
2.460700467312433757e+06 2.068160822781121011e-01 2.858797784302070715e-04
2.460700467941430863e+06 2.075381004222899284e-01 2.867360152673400727e-04
2.460700489414896350e+06 2.072018453139756744e-01 2.914434167030526598e-04
2.460700490049155895e+06 2.077324563848080285e-01 2.880676160039712802e-04
2.460700490683506243e+06 2.075184286791328658e-01 2.872406105684666838e-04
2.460700491316231433e+06 2.073645926893060432e-01 2.872033242839457058e-04
2.460700491953287739e+06 2.074291400981559397e-01 2.877880049993516575e-04
2.460700492587963585e+06 2.074308576108197244e-01 2.875766730646574470e-04
2.460700493214577902e+06 2.068808672600737086e-01 2.875824569630429654e-04
2.460700493848126382e+06 2.074365514734534122e-01 2.873109919091896441e-04
2.460700494475111831e+06 2.069631163099351634e-01 2.882709922502280846e-04
2.460700495106211863e+06 2.071659723094858851e-01 2.866329469731296212e-04
2.460700495741102379e+06 2.068024889049509263e-01 2.872358808071781675e-04
2.460700496379357763e+06 2.066216389324291025e-01 2.862797582764007773e-04
2.460700497005893849e+06 2.067439222904095542e-01 2.872062097526731036e-04
2.460700497633893508e+06 2.074112831211350205e-01 2.873976422398293517e-04
2.460700498264958151e+06 2.080861933080100368e-01 2.876762287620330269e-04
2.460700498904835433e+06 2.074524087628117353e-01 2.870381321104380798e-04
2.460700499535479583e+06 2.066272665328000857e-01 2.865626683788932727e-04
2.460700500162047334e+06 2.074387872734692329e-01 2.864981966414854777e-04
2.460700500786992256e+06 2.077012394523446437e-01 2.874653546362749765e-04
2.460700501424310729e+06 2.071849490163228391e-01 2.886583592711773833e-04
2.460700502051037271e+06 2.074065794056247636e-01 2.881406273328450569e-04
2.460700502678926103e+06 2.079545959825048473e-01 2.877227786730889199e-04
2.460700503311565612e+06 2.072041640511910754e-01 2.865250953320141862e-04
2.460700503943838179e+06 2.071857968892178437e-01 2.869173332311699028e-04
2.460700504578765947e+06 2.075965136159663993e-01 2.878929295549194616e-04
2.460700505204499234e+06 2.075166331819458532e-01 2.867533218234504812e-04
2.460700505831028335e+06 2.080627576429421310e-01 2.873427315813006943e-04
2.460700506461667363e+06 2.075918625752994073e-01 2.886728649400819766e-04
2.460700507092184387e+06 2.072804621058876862e-01 2.874768208703087349e-04
2.460700507724604569e+06 2.066410609406132137e-01 2.873342443010379874e-04
2.460700508350128774e+06 2.071641459023755849e-01 2.853466927261746151e-04
2.460700508992173709e+06 2.073501287445712049e-01 2.878973697488774693e-04
2.460700509622928221e+06 2.072442677511963927e-01 2.885112356418874889e-04
2.460700510261681862e+06 2.069301260086910399e-01 2.882849627153039399e-04
2.460700510894714389e+06 2.069027212070411736e-01 2.861525828231629618e-04
2.460700511544733774e+06 2.082058993525920665e-01 2.882270005614605496e-04
2.460700512175980024e+06 2.072268606061580531e-01 2.875080392520100209e-04
2.460700512817353476e+06 2.071360814684820306e-01 2.866060880053001637e-04
2.460700513449248858e+06 2.076886399661810600e-01 2.887528981453040900e-04
2.460700514081585221e+06 2.081603505220914196e-01 2.890728002224578230e-04
2.460700514720021747e+06 2.076975902565613152e-01 2.869222514278247965e-04
2.460700515356671531e+06 2.083484906291915018e-01 2.889016409573892598e-04
2.460700515982309822e+06 2.086747215902629293e-01 2.886993128064125626e-04
2.460700516613544431e+06 2.079665562438979542e-01 2.887904655567100770e-04
2.460700517241154797e+06 2.073751995816631999e-01 2.877559875482493378e-04
2.460700517869273666e+06 2.076907519495329035e-01 2.872646356315634625e-04
2.460700518495663069e+06 2.086914331153443547e-01 2.886806957208901668e-04
2.460700519140207209e+06 2.079003374121707048e-01 2.872156983736816457e-04
2.460700519770271145e+06 2.083996079556006131e-01 2.882891945938409364e-04
2.460700520405972842e+06 2.085408131953183919e-01 2.887637033554557326e-04
2.460700521054249257e+06 2.088962023072843677e-01 2.878918877647796293e-04
2.460700521697671153e+06 2.084728940792270890e-01 2.888909409569375103e-04
2.460700522323199082e+06 2.097070419723631174e-01 2.891043048998066171e-04
2.460700522958675865e+06 2.089158500696050025e-01 2.893761091270873466e-04
2.460700523601116613e+06 2.095366936113552681e-01 2.887413195394221768e-04
2.460700524237798527e+06 2.092670429310461433e-01 2.892336644113536939e-04
2.460700524871854577e+06 2.090733829640801789e-01 2.880399859754347860e-04
2.460700525511107408e+06 2.092328892324201717e-01 2.880923826374062356e-04
2.460700526150655001e+06 2.088569854810570503e-01 2.879443238383923472e-04
2.460700526791342068e+06 2.099766267239425166e-01 2.895951407338865345e-04
2.460700527424224652e+06 2.100626091548441488e-01 2.888012256157541490e-04
2.460700528055087663e+06 2.102817830955081013e-01 2.889206967292711923e-04
2.460700528691672720e+06 2.096271176693208227e-01 2.890467248058393133e-04
2.460700529319763649e+06 2.098347855846516008e-01 2.892907655945013050e-04
2.460700529947366100e+06 2.100842881965908349e-01 2.900982596712524094e-04
2.460700530576643534e+06 2.099719959850024631e-01 2.909278585397404547e-04
2.460700531208731234e+06 2.091034704769466068e-01 2.894746177218177757e-04
2.460700531839815434e+06 2.101050441818020642e-01 2.893363703853529313e-04
2.460700532472121529e+06 2.100681537799888310e-01 2.896030992474351250e-04
2.460700533110872842e+06 2.092217632282621920e-01 2.885722691630614287e-04
2.460700533749999944e+06 2.097590181266403009e-01 2.884668254323332422e-04
2.460700535213026218e+06 2.104015949095139615e-01 2.893510219251265109e-04
2.460700535845285747e+06 2.100784579524115070e-01 2.909575060792875798e-04
2.460700536474117544e+06 2.088930593604336472e-01 2.894181634645664265e-04
2.460700537101206835e+06 2.090985635700093881e-01 2.892694756325407701e-04
2.460700537735765334e+06 2.090762098649390777e-01 2.881925450656688099e-04
2.460700538366970606e+06 2.091476495843904437e-01 2.876490272780744492e-04
2.460700539006735664e+06 2.102017019855440816e-01 2.892844152664223812e-04
2.460700539648124482e+06 2.097323545644121379e-01 2.884797680647426801e-04
2.460700540282432456e+06 2.096341041996031551e-01 2.884823210829606820e-04
2.460700540922207292e+06 2.087738852888948171e-01 2.878294494463914791e-04
2.460700541557241231e+06 2.097031703731011554e-01 2.887637788368892277e-04
2.460700542194781825e+06 2.097207564247338674e-01 2.883657832500709835e-04
2.460700542829540092e+06 2.098532453420975386e-01 2.894464451355112486e-04
2.460700543466541450e+06 2.096780773390760910e-01 2.896597893857967999e-04
2.460700544101918582e+06 2.090369265845465063e-01 2.884328215740179975e-04
2.460700544738491531e+06 2.100790702128576826e-01 2.890646740345924185e-04
2.460700545366882812e+06 2.095068541759752545e-01 2.884466358866699079e-04
2.460700545994126238e+06 2.095881796197379965e-01 2.883216213669037510e-04
2.460700546628488228e+06 2.094489285048424243e-01 2.878308949545610213e-04
2.460700547254664358e+06 2.092838077804208829e-01 2.883108636468334203e-04
2.460700547880893108e+06 2.095027591652184606e-01 2.888470005075019801e-04
2.460700548522186466e+06 2.090076747757116937e-01 2.881495534912983892e-04
2.460700549153113272e+06 2.096227335296403926e-01 2.888611767484177252e-04
2.460700549785727635e+06 2.088915105187350851e-01 2.895616827475734579e-04
2.460700550424867310e+06 2.090114604227334416e-01 2.890259650680792073e-04
2.460700551058162469e+06 2.091937215531380068e-01 2.883795763974995657e-04
2.460700551683822647e+06 2.092228926109868103e-01 2.885426207335869573e-04
2.460700552312100306e+06 2.091277477890177705e-01 2.918281910282791310e-04
2.460700552948980592e+06 2.097537545726212982e-01 2.886262028662676189e-04
2.460700553574642632e+06 2.093445140367656832e-01 2.890206956616606223e-04
2.460700554223525338e+06 2.092934913280560527e-01 2.893728906534111917e-04
2.460700554856715258e+06 2.092447636469504380e-01 2.871550350497391909e-04
2.460700555483879056e+06 2.094766033674206052e-01 2.880070881089045673e-04
2.460700556110476144e+06 2.093127555038339915e-01 2.879657828047003996e-04
2.460700556741475593e+06 2.096747437867695629e-01 2.880737723887877126e-04
2.460700557374988683e+06 2.095924080764996478e-01 2.879154887437820149e-04
2.460700558001947124e+06 2.099957254393756689e-01 2.891833159542258756e-04
2.460700558627631050e+06 2.095329052605825193e-01 2.883733250938581632e-04
2.460700559252058621e+06 2.097260903502094209e-01 2.880576830177941075e-04
2.460700559878123458e+06 2.093099633376193369e-01 2.875799191617365159e-04
2.460700560508079361e+06 2.087877988834406784e-01 2.874894656177570088e-04
2.460700561142481398e+06 2.101128945172284213e-01 2.883700236422126776e-04
2.460700561771165114e+06 2.095867019775794204e-01 2.882121248136596632e-04
2.460700562397936825e+06 2.090192720176777541e-01 2.877265151924843526e-04
2.460700563037489075e+06 2.095000992158286002e-01 2.893130936480212221e-04
2.460700563664880581e+06 2.100277973181554625e-01 2.890181758292893234e-04
2.460700564291228075e+06 2.094984632569802385e-01 2.891744377115625857e-04
2.460700564916735981e+06 2.098537282574717278e-01 2.901916393132173561e-04
2.460700565550705884e+06 2.099225057617937484e-01 2.897107150235145073e-04
2.460700566190536600e+06 2.095923702237847963e-01 2.887755569903017127e-04
2.460700566826576367e+06 2.097042865439121551e-01 2.899121020067179310e-04
2.460700567461705301e+06 2.089793894725539558e-01 2.882896625213802089e-04
2.460700568088965490e+06 2.097930641342394542e-01 2.881790643642034269e-04
2.460700568715792149e+06 2.095099174264652975e-01 2.884537644924461118e-04
2.460700569344479591e+06 2.093193937918687297e-01 2.873713621212735836e-04
2.460700569977162406e+06 2.095098965371493260e-01 2.894902520988091080e-04
2.460700570603244472e+06 2.091634245034948714e-01 2.880077798813342714e-04
2.460700571248927619e+06 2.092420939425668758e-01 2.884637409173100684e-04
2.460700571882461663e+06 2.094233797485232640e-01 2.891104591599125400e-04
2.460700572509221267e+06 2.094792389073979189e-01 2.902955487720151190e-04
2.460700573147051502e+06 2.098270112695051759e-01 2.885863845115810137e-04
2.460700573777123820e+06 2.098405965591008948e-01 2.889897429602361059e-04
2.460700574402192608e+06 2.093586570376677614e-01 2.881905341967354209e-04
2.460700575030380394e+06 2.096590693262853911e-01 2.895199860380578082e-04
2.460700575666623190e+06 2.093911626916763191e-01 2.881136266078347359e-04
2.460700576294901315e+06 2.093635315155493726e-01 2.883485527351909079e-04
2.460700576922254637e+06 2.094185101108827773e-01 2.885835157799569641e-04
2.460700577550387010e+06 2.094675232871528736e-01 2.889102916858340931e-04
2.460700578184122220e+06 2.098500943789775308e-01 2.890960971400148615e-04
2.460700578813025262e+06 2.101743497768847890e-01 2.941954358687984359e-04
2.460700579443899915e+06 2.098479203746761446e-01 2.893764319308771756e-04
2.460700580076614860e+06 2.100949191570029850e-01 2.892821230357350013e-04
2.460700580704825930e+06 2.094915905316741267e-01 2.892017537421580418e-04
2.460700581340338569e+06 2.095066627630031986e-01 2.889109378846829181e-04
2.460700581965669524e+06 2.098362425870844983e-01 2.890786666940234058e-04
2.460700582603632007e+06 2.101543293215624442e-01 2.887943049375280144e-04
2.460700583233382087e+06 2.093520237756994473e-01 2.877349200715976249e-04
2.460700583865720779e+06 2.096239364548662110e-01 2.884930076458583565e-04
2.460700584499602206e+06 2.099467531225559236e-01 2.907375694183636484e-04
2.460700585133037996e+06 2.099469974873721945e-01 2.893020262150822587e-04
2.460700585760807618e+06 2.092002818959795285e-01 2.896246995441010760e-04
2.460700586399107706e+06 2.092830466139406764e-01 2.883676429628422955e-04
2.460700587024238892e+06 2.096571000370224536e-01 2.889284188582483064e-04
2.460700587650927715e+06 2.094075090352291169e-01 2.883292119275278646e-04
2.460700588276824448e+06 2.095993485401838885e-01 2.891886607392719541e-04
2.460700588911168277e+06 2.095478187939976422e-01 2.896248043779713933e-04
2.460700589546065778e+06 2.098171591425822546e-01 2.911657606092346346e-04
2.460700590184606146e+06 2.091703873906733679e-01 2.902568122812498245e-04
2.460700590815672651e+06 2.090438457822052232e-01 2.902082874176594124e-04
2.460700591442116536e+06 2.097805121649083115e-01 2.928030617371516950e-04
2.460700592071224935e+06 2.089860189245495714e-01 2.913151566245503503e-04
2.460700592698594090e+06 2.098041983362875229e-01 2.911197027010745770e-04
2.460700593323073816e+06 2.093064305082951160e-01 2.924452026311425063e-04
2.460700593953004107e+06 2.097568197516601618e-01 2.916949526116933609e-04
2.460700594584258739e+06 2.094259026554690928e-01 2.899213856255452269e-04
2.460700595218780451e+06 2.093779606777868563e-01 2.896198671783719908e-04
2.460700595857599284e+06 2.095417800260925278e-01 2.900035301531187740e-04
2.460700596494215075e+06 2.090605203630065689e-01 2.881857818490284918e-04
2.460700597130072303e+06 2.094557709230556453e-01 2.885354908369687000e-04
2.460700597767469939e+06 2.096020711734375153e-01 2.891884502223019413e-04
2.460700598397952039e+06 2.099507023367985226e-01 2.901435618945062689e-04
2.460700599033042323e+06 2.094434550045941590e-01 2.927891172848642257e-04
2.460700599660129752e+06 2.104572674688849343e-01 2.910037649715447867e-04
2.460700600287949666e+06 2.094809177677252610e-01 2.893350489198089526e-04
2.460700600924506318e+06 2.094853640779219539e-01 2.915130815945786132e-04
2.460700601552705280e+06 2.096726165253307850e-01 2.924297561140938909e-04
2.460700602187832817e+06 2.096031857862408754e-01 2.925445641054100036e-04
2.460700602819784544e+06 2.095393591332325167e-01 2.895410208297060002e-04
2.460700603455147240e+06 2.096630725817859309e-01 2.892507075630397452e-04
2.460700604086308740e+06 2.100450565930116753e-01 2.897302386628954692e-04
2.460700604721942451e+06 2.101572731211352185e-01 2.899874620159910172e-04
2.460700605360540096e+06 2.102810999513356205e-01 2.896518617339625436e-04
2.460700605999597348e+06 2.094261328474874284e-01 2.911133200763521577e-04
2.460700606640685350e+06 2.100326686821016864e-01 2.889956066604405858e-04
2.460700607273722533e+06 2.099625604102821896e-01 2.928247347060982200e-04
2.460700607911005616e+06 2.100566514783602512e-01 2.931162077379570485e-04
2.460700608540747315e+06 2.092844923464704243e-01 2.910347427212060627e-04
2.460700609183775727e+06 2.092924033947420603e-01 2.900134219459129322e-04
2.460700609819916543e+06 2.096398437124914194e-01 2.915288804140718786e-04
2.460700610446325969e+06 2.096696137444198915e-01 2.919856428104907397e-04
2.460700611071904656e+06 2.097691966644671946e-01 2.954967192769149026e-04
2.460700611700782087e+06 2.094951502101062568e-01 2.988721640417618848e-04
2.460700612337193452e+06 2.100432776534819634e-01 3.079357343285681796e-04
2.460700612968327478e+06 2.085689216785106825e-01 2.971185038234096113e-04
2.460700613595931791e+06 2.095799906317302452e-01 3.008520204135712770e-04
2.460700614229829982e+06 2.099874264872798324e-01 3.082755832887053120e-04
2.460700614870621357e+06 2.092368744865091557e-01 3.161094606229966327e-04
2.460700615501814522e+06 2.099933806419821691e-01 3.037652236846810779e-04
2.460700616133548319e+06 2.097805563691251540e-01 2.999245011069590116e-04
2.460700616776338778e+06 2.099688681703534843e-01 2.946090749336447226e-04
2.460700617411395535e+06 2.104631355173763319e-01 2.929859117047711953e-04
2.460700618039859459e+06 2.099379783477311190e-01 2.990808157331981826e-04
2.460700618666856084e+06 2.104684422653543829e-01 3.026427800919376547e-04
2.460700619296517689e+06 2.101013044798115126e-01 2.915759349774343142e-04
2.460700619926459156e+06 2.088961566933147662e-01 2.947649446082400830e-04
2.460700620555505157e+06 2.090063830162872394e-01 2.945796887862982337e-04
2.460700621186909266e+06 2.091951689813572601e-01 2.941042275731997071e-04
2.460700621819442604e+06 2.094294394660292935e-01 2.973616804641236342e-04
2.460700622453692835e+06 2.097174175081899239e-01 3.075218744609975355e-04
2.460700623081212398e+06 2.088329426001609701e-01 3.167837433232289297e-04
2.460700623706147540e+06 2.103859153475144961e-01 3.145366854059008978e-04
2.460700624333673157e+06 2.100670220466135107e-01 3.101121268072855666e-04
2.460700624960472807e+06 2.094635793551314629e-01 3.173378129438575771e-04
2.460700625589246862e+06 2.094817569177988004e-01 3.248662641786860235e-04
2.460700626225662418e+06 2.099217005750746712e-01 3.141013438685977743e-04
2.460700647614422720e+06 2.093400472174186122e-01 3.059564599689136208e-04
2.460700648249776568e+06 2.093874073297446181e-01 3.115063942696379021e-04
2.460700648879141081e+06 2.094893101187366713e-01 3.279629206144915425e-04
2.460700649512244854e+06 2.099136839859361559e-01 3.297616070413508099e-04
2.460700650138111319e+06 2.094822696570914911e-01 3.254008787826106943e-04
2.460700650762507692e+06 2.091719616701976647e-01 3.339165022328090173e-04
2.460700651396353729e+06 2.089972232518167994e-01 3.892200756066544723e-04
2.460700652024055831e+06 2.090364479899909367e-01 4.634310177924877948e-04
2.460700652651959565e+06 2.102042330792181779e-01 4.982267946182515660e-04
2.460700653282170184e+06 2.104141818452381074e-01 4.345679982713431541e-04
2.460700653916809242e+06 2.107015832273017863e-01 3.536976717490852157e-04
2.460700654547140934e+06 2.100009888563625915e-01 3.177829572207998177e-04
2.460700655172392260e+06 2.096172631788106866e-01 3.045449629569783878e-04
2.460700655799325556e+06 2.095349454102674314e-01 3.087931788843784162e-04
2.460700656435860787e+06 2.094041583286208041e-01 3.140104832217492734e-04
2.460700657069998793e+06 2.088902269426431424e-01 3.114945745453313376e-04
2.460700657699633390e+06 2.098783271975085407e-01 3.202101208109511669e-04
2.460700658339300193e+06 2.099027148950427801e-01 3.247317226912534442e-04
2.460700658969960641e+06 2.093684163854973024e-01 3.201192917342136120e-04
2.460700659600539133e+06 2.097951054777013602e-01 3.043483697185093008e-04
2.460700660232563969e+06 2.100464276928639962e-01 3.158669885945934903e-04
2.460700660858078860e+06 2.095180670636398457e-01 3.104979280075131931e-04
2.460700661486152094e+06 2.094311975490089073e-01 3.093707881840851654e-04
2.460700662112131249e+06 2.097186897061837363e-01 3.097332395633826106e-04
2.460700662740407977e+06 2.095007934658899285e-01 3.164936035275031949e-04
2.460700663376680575e+06 2.093273806104024581e-01 3.263851715454972623e-04
2.460700664004335180e+06 2.103380517317665066e-01 3.271348860330155410e-04
2.460700664638115093e+06 2.096272180380260031e-01 3.138550748154538363e-04
2.460700665275781881e+06 2.103006574134578810e-01 3.125025153443905176e-04
2.460700665907298680e+06 2.098285063465716027e-01 3.130219882220249060e-04
2.460700666532629170e+06 2.096765735686885179e-01 3.072646349467200570e-04
2.460700667159984820e+06 2.087328942118624742e-01 3.036118021336687493e-04
2.460700667795770802e+06 2.095984822399379333e-01 2.989007302609286601e-04
2.460700668423292227e+06 2.095315945379999933e-01 2.972101821147698879e-04
2.460700669052610639e+06 2.098650251492782393e-01 3.047369542128528885e-04
2.460700669692258351e+06 2.099373678416871503e-01 2.985012204808343891e-04
2.460700670327031054e+06 2.095292490501645954e-01 2.936365275646271350e-04
2.460700670966830105e+06 2.093796414387105176e-01 2.949645481258417429e-04
2.460700671597082168e+06 2.097976556538242165e-01 2.968510238948544595e-04
2.460700672231122851e+06 2.097226907095302295e-01 3.004059072512660377e-04
2.460700672864851542e+06 2.094374221494670618e-01 3.015579445641294811e-04
2.460700673497901298e+06 2.096747293863734096e-01 3.000597449290060481e-04
2.460700674133148510e+06 2.100591230131323706e-01 3.025907927759954462e-04
2.460700674760038964e+06 2.104741705327631274e-01 2.986162043731105322e-04
2.460700675386053044e+06 2.094718856934935924e-01 3.005418048226138079e-04
2.460700676016215235e+06 2.097916787675419836e-01 3.030293596862854914e-04
2.460700676650490612e+06 2.103750350485585618e-01 3.050465770328124890e-04
2.460700677279016934e+06 2.093126573791377065e-01 3.057744793780715572e-04
2.460700677918045316e+06 2.104147480137408821e-01 3.101157859122692585e-04
2.460700678554235492e+06 2.100315420642764885e-01 3.084633298486313502e-04
2.460700679184637498e+06 2.098075383300140873e-01 3.028249694348792548e-04
2.460700679817095865e+06 2.096493937128393603e-01 2.976600678564016427e-04
2.460700680458557792e+06 2.093674283851406359e-01 2.948510143442020955e-04
2.460700681090468075e+06 2.094282099124645524e-01 2.971548175036452851e-04
2.460700681730466429e+06 2.091312109949625964e-01 3.008865787149855929e-04
2.460700682365764398e+06 2.092820728126703056e-01 2.984515124093377043e-04
2.460700682999345940e+06 2.097379828839062710e-01 2.983389536373083238e-04
2.460700683624617755e+06 2.098435796229918271e-01 2.983613914239229220e-04
2.460700684252138715e+06 2.100596700129000738e-01 2.954509335676401842e-04
2.460700684887098614e+06 2.092021308364236387e-01 3.001288461679420673e-04
2.460700685515708756e+06 2.103037889148711981e-01 2.973457704905980471e-04
2.460700686141529121e+06 2.094974939843274875e-01 2.971038061207616730e-04
2.460700686772524845e+06 2.091483130494313225e-01 2.968914068505170627e-04
2.460700687411556952e+06 2.095901131915575144e-01 2.972380433810899148e-04
2.460700688042543363e+06 2.092319308622929419e-01 2.959113958553459458e-04
2.460700688682334032e+06 2.089099415430425155e-01 2.948306246667613457e-04
2.460700689317462035e+06 2.093638431373447961e-01 2.946396201511328888e-04
2.460700689947968815e+06 2.096893567633881517e-01 2.947344065414467750e-04
2.460700690576869063e+06 2.096758938832222474e-01 2.983024635420316001e-04
2.460700691207340453e+06 2.098859142228199359e-01 2.947767394848165999e-04
2.460700691836314276e+06 2.095989689175755677e-01 2.987584912147863911e-04
2.460700692466527689e+06 2.096709629422350840e-01 2.980091814966686183e-04
2.460700693105512764e+06 2.093191292881987076e-01 2.960816554452512560e-04
2.460700693733222783e+06 2.095970310565926087e-01 2.995448964947339211e-04
2.460700694365856703e+06 2.104436566763343841e-01 2.973058173325249438e-04
2.460700694996929727e+06 2.086742104998134395e-01 2.960809196784560011e-04
2.460700695638688281e+06 2.098883932823931153e-01 2.950204252920865457e-04
2.460700696272861678e+06 2.091616104851497793e-01 2.945549337992366514e-04
2.460700696902938653e+06 2.088898980877164357e-01 2.939915292827247561e-04
2.460700697529131547e+06 2.101075460807498574e-01 2.961841127298059676e-04
2.460700698156244121e+06 2.093906239398914404e-01 2.954587120682501916e-04
2.460700698783000465e+06 2.097204480906208202e-01 2.962140076226921844e-04
2.460700699409930967e+06 2.097964955303995571e-01 2.960825652065110719e-04
2.460700700044186320e+06 2.092950201019198320e-01 2.954510625384029645e-04
2.460700700681849848e+06 2.089980993618016092e-01 2.974516794683215140e-04
2.460700701317554340e+06 2.100901053784355044e-01 2.986655592450079832e-04
2.460700701951141004e+06 2.092393108008739622e-01 2.962138109745263343e-04
2.460700702589040622e+06 2.101927296315759530e-01 2.957169748068603533e-04
2.460700703225858510e+06 2.099838506527491322e-01 2.963138128178733179e-04
2.460700703864029143e+06 2.094267971558835817e-01 2.963699583740627211e-04
2.460700704499685206e+06 2.093190035747238276e-01 2.971650650496612464e-04
2.460700705128499772e+06 2.098345729090882184e-01 3.038881409472748356e-04
2.460700705754630733e+06 2.099346901205606797e-01 2.986886536055211299e-04
2.460700706388479564e+06 2.100303410596609521e-01 2.973240722965561807e-04
2.460700707019207999e+06 2.097152398292266018e-01 2.976740452435199186e-04
2.460700707648050040e+06 2.097063818296820426e-01 2.993511709623276288e-04
2.460700708277406171e+06 2.095466001112245014e-01 3.004750279469219293e-04
2.460700708906688262e+06 2.093109985613584856e-01 2.980329300938730627e-04
2.460700709548080806e+06 2.096129265591268054e-01 2.978235980303513253e-04
2.460700710182408802e+06 2.105164329865026607e-01 3.011676996400048105e-04
2.460700710812753066e+06 2.094559652122174598e-01 2.995947442568311098e-04
2.460700711437588558e+06 2.097874735585079364e-01 2.994497216750299827e-04
2.460700712064827327e+06 2.094699549350857726e-01 2.982428623296268623e-04
2.460700712693409994e+06 2.105122748730677840e-01 3.008727607175405434e-04
2.460700713319804054e+06 2.097228531186143552e-01 2.977879518247854795e-04
2.460700713950282428e+06 2.101875184498595839e-01 2.995590886280328873e-04
2.460700714583608788e+06 2.092521793746180414e-01 2.991654762738353655e-04
2.460700715214862023e+06 2.097526643317593475e-01 2.995611388096277466e-04
2.460700715840925928e+06 2.097490070243847593e-01 2.994418772319340201e-04
2.460700716482492629e+06 2.093750641929924827e-01 3.009304337150944721e-04
2.460700717110019177e+06 2.091264323312518880e-01 3.036148454075681801e-04
2.460700717736634891e+06 2.097620418554716482e-01 3.029553797565527986e-04
2.460700718364519533e+06 2.095566760309593712e-01 2.987867124439764219e-04
2.460700718991859816e+06 2.089170076265140785e-01 2.968117288315020555e-04
2.460700719632682856e+06 2.096088404640870373e-01 2.976145951363489751e-04
2.460700720267139841e+06 2.103831299112799702e-01 3.000929631459290725e-04
2.460700720903574023e+06 2.097395076695497129e-01 2.995053526496022143e-04
2.460700721539439168e+06 2.093336306015803339e-01 3.006043411751729627e-04
2.460700722173829563e+06 2.095806104139417703e-01 2.980923408702948994e-04
2.460700722811712418e+06 2.090962399818352413e-01 2.982421262357298178e-04
2.460700723438148387e+06 2.100591485184283846e-01 3.011173775702617825e-04
2.460700724064000882e+06 2.096882979826509008e-01 2.995283917576158452e-04
2.460700724689841736e+06 2.100562419437094208e-01 3.008654756924263539e-04
2.460700725317408331e+06 2.097934979682236911e-01 2.996778496351172908e-04
2.460700725957833230e+06 2.104388963194458451e-01 3.004715638993081246e-04
2.460700726594417822e+06 2.097613595699708844e-01 2.999465016944236799e-04
2.460700727223894093e+06 2.089648025675579779e-01 3.001530322327759077e-04
2.460700727860054001e+06 2.095193297348539319e-01 2.996917294391389613e-04
2.460700728499425575e+06 2.099601472882280939e-01 2.996801478846921533e-04
2.460700729134973139e+06 2.107864928829753515e-01 3.007667508154927317e-04
2.460700729767785408e+06 2.100205082155538472e-01 3.011093528746117804e-04
2.460700730398557615e+06 2.092112557193382405e-01 3.006415707804487676e-04
2.460700731024356559e+06 2.098309598369366702e-01 3.002694185429381898e-04
2.460700731657882687e+06 2.101496047534909262e-01 3.021273008075662093e-04
2.460700732293399516e+06 2.091899010556323990e-01 3.007728768984380715e-04
2.460700732917916495e+06 2.094759068055436491e-01 3.032506056339603798e-04
2.460700733556640334e+06 2.091828283736726635e-01 3.014818909944383136e-04
2.460700734189794399e+06 2.102126841970261839e-01 3.033688637917146286e-04
2.460700734821721911e+06 2.090779802955683719e-01 3.013654231145803178e-04
